100

-20 -17 53 0 3 59 3 39 -55 19 -43 50 -28 23 6 24 24 -52 -6 1 38 -25 23 -18 24 17 -27 -39 13 8 -55 -44 51 16 51 5 62 15 -17 0 18 35 24 -15 51 -35 -45 -45 -50 -25 -32 1 -55 -7 63 -32 -33 10 52 -41 -29 62 11 50

7 2 0 0 4 5 5 6 8 4 1 4 8 1 1

-20 53 3 3 24 -6 -2 23 51 51 -28 -17 -50 -32 -55 63


-27 43 -52 8 63 -55 11 -59 15 0 -48 -63 12 7 45 60 -58 -39 -14 -44 62 37 -46 20 -53 60 42 -36 -35 -50 -14 4 23 23 41 49 55 30 32 22 -51 41 -55 -57 -1 -3 -42 -7 -63 -64 -4 17 -56 24 -51 51 -17 42 57 8 -34 7 -61 6

5 1 3 4 8 1 4 0 3 2 0 4 2 7 7

-27 -52 63 11 -58 -14 3 -46 23 41 55 32 -63 -4 -56 -51


-24 -49 45 8 -42 -21 18 11 40 -57 -30 -15 31 11 21 -17 -1 -33 26 -44 60 52 -27 -25 3 38 -60 -22 43 -13 39 -26 42 -31 -6 60 63 3 5 24 4 -18 6 31 19 57 -33 2 16 -12 46 12 -14 -60 26 -1 15 -15 -25 63 -18 -56 -14 45

8 7 1 6 8 5 3 0 0 2 8 8 2 6 5

-24 45 -42 18 -1 26 60 -27 42 -6 35 39 16 46 -14 26


42 -40 57 -61 -8 8 -64 -43 61 -45 10 43 57 -23 -54 -43 55 -26 32 -44 -20 29 -25 -50 56 -38 17 26 -42 2 -62 -1 -4 -63 -13 26 5 40 46 33 -35 42 -40 59 -2 -57 56 -21 -31 59 15 -16 -27 -44 30 -15 -43 63 14 52 -36 55 -10 -64

0 2 4 5 8 8 7 5 1 1 1 5 5 7 4

42 57 -8 -64 55 32 -20 14 -4 -13 -15 46 -31 15 -27 30


58 -18 -9 5 -63 40 23 8 -14 -55 -6 60 39 45 30 -9 -9 -7 40 -28 -14 -20 -26 62 42 -12 -61 -64 -9 -43 -43 9 -26 61 38 -8 2 -18 53 -34 -56 -15 2 -6 23 -32 -24 51 -22 -19 -31 -32 62 45 -36 -61 50 51 15 34 31 -7 63 -14

1 0 1 0 7 2 6 3 7 8 2 6 7 7 2

58 -9 -63 23 -9 40 -14 -26 -26 2 23 53 -22 -19 -32 -36


35 14 47 -3 38 54 -48 9 -56 36 39 -2 -37 48 -34 16 -57 12 -49 49 -11 39 16 -37 -20 13 11 1 -17 -34 20 22 61 -46 62 57 -55 42 -23 41 -2 -63 18 39 -48 14 -59 -6 -64 16 -60 46 -28 41 -13 -37 -33 -62 4 -26 41 19 -45 -46

1 5 7 4 3 1 7 3 1 5 7 0 6 0 5

9 0 42 -23 9 0 14 -59 46 -28 41 -13 -26 41 19 -45


-54 9 35 20 42 45 15 42 16 -2 -39 -63 11 13 -7 -38 47 -31 44 46 4 -31 -56 -62 12 20 27 -33 2 -59 61 -38 -49 25 22 50 -21 5 37 -15 -60 37 -2 16 2 63 2 -1 -45 21 60 -36 -21 -7 -59 -14 -38 14 55 -24 5 6 42 26

3 5 1 2 3 6 8 0 3 7 4 8 1 2 4

-54 35 42 15 47 44 16 -56 -49 22 18 37 -45 60 -21 -59


-17 4 -39 54 3 19 -41 39 28 -7 -50 -41 8 25 46 -22 26 -56 -25 38 4 -16 63 -57 -20 -64 11 -9 58 -58 -45 -4 -20 -1 5 -8 -40 -9 -11 48 59 -3 0 -30 -8 9 14 -26 -60 46 -55 23 35 3 8 19 -16 -63 0 -48 54 -33 29 -20

7 7 3 0 7 7 7 0 5 4 3 1 3 1 3

-17 -39 3 -41 26 -25 4 63 -20 5 -40 -11 -60 -55 -7 8


3 20 49 41 -59 26 -56 19 40 -1 -16 45 21 -4 -15 51 10 -37 44 -51 -55 -3 -49 29 34 -5 -46 -50 38 29 -8 -55 -13 4 -11 -11 7 -5 -22 41 -38 2 38 -55 37 61 46 17 43 -49 28 27 43 -1 22 -33 -44 -19 -43 8 28 -36 31 -17

0 7 2 6 7 4 8 6 4 5 2 2 6 6 6

3 49 -59 -56 10 44 -55 -49 -13 -2 37 -22 43 28 43 22


62 28 62 53 -10 -8 59 -42 61 1 -42 -12 -5 -24 58 49 56 53 27 -31 29 28 -64 -4 46 -5 24 10 -8 29 -2 42 60 56 -52 -46 22 -8 -63 -8 35 -53 -27 -45 38 55 -55 16 -8 -15 -1 40 -51 -5 -6 -31 13 29 44 58 -10 -1 -42 -14

8 4 5 3 4 0 8 0 4 5 4 8 3 8 4

62 62 -10 59 56 27 -18 4 60 -52 -22 -63 -8 -1 -51 -6


-55 61 36 -49 0 49 59 -36 25 29 48 -35 49 58 -56 9 -64 42 -24 54 -28 51 -48 36 47 -53 -10 24 43 58 -2 -31 8 36 14 -15 -13 -10 13 5 -51 51 -39 62 -51 28 22 -34 -34 25 -52 1 -33 -7 -28 -37 -46 29 13 -42 -41 30 56 -53

8 2 0 6 7 8 1 7 1 4 0 8 5 4 7

-55 36 0 59 -64 -24 -28 -48 8 14 2 -13 -34 -52 9 -28


-39 -1 16 27 17 -9 -51 12 -31 7 18 -40 45 28 -16 61 -32 -19 44 61 -60 -30 -52 -63 10 -27 53 39 20 17 27 -40 56 -47 3 6 -21 50 50 0 61 15 32 -41 -37 6 25 43 -54 -7 -37 -20 53 -50 -57 -9 15 0 -24 48 -37 56 31 -59

5 7 2 3 1 0 3 8 7 1 4 8 2 0 3

-39 16 17 -51 -32 44 -60 -52 56 3 -7 9 -54 -37 53 -57


18 -16 10 -48 38 34 52 -39 44 -6 35 -38 52 62 2 -18 -10 37 13 10 9 11 -12 -62 -32 -45 -43 -45 -53 22 53 11 -63 -46 -40 -36 -53 -24 12 -6 -42 -30 -12 53 39 35 -59 56 -13 58 24 21 -15 -40 63 49 -19 7 -57 53 58 59 58 -58

3 3 6 6 3 0 7 8 6 4 3 5 0 5 4

7 -53 -36 22 -7 -53 -45 -24 44 53 39 35 24 21 -15 -40


43 24 -52 -42 7 57 38 42 -36 -54 16 -3 40 45 -38 -39 23 54 43 -32 55 -60 13 -54 -54 -64 22 20 -59 -27 56 37 -23 40 39 3 15 4 13 -19 59 56 -47 59 54 -64 -33 -55 -5 -37 53 26 -21 54 50 -63 60 7 40 -1 -54 -19 47 -34

3 1 1 5 8 5 3 4 2 0 5 4 1 4 1

43 -52 -5 38 23 43 -42 13 -23 39 -5 13 -5 53 -21 50


8 53 -52 -59 55 -64 -36 -37 7 11 21 54 -17 29 -47 45 -33 -41 -32 -2 -54 -49 4 41 -25 -27 -45 -20 13 -4 -35 15 38 -49 -8 50 -15 -63 -33 32 21 -38 -30 11 -14 1 40 -11 6 -23 -30 -24 -42 -1 40 15 -8 -36 35 -60 -57 2 -22 32

5 7 3 8 5 3 1 0 8 7 5 8 1 2 8

8 -52 55 -36 -33 -32 -31 6 38 -8 13 -33 6 -30 -42 40


-23 46 57 5 1 59 4 61 -33 -60 -23 32 -48 -34 56 -6 46 -46 52 -32 1 -33 10 -30 52 14 29 13 -64 37 -36 -36 50 -5 44 51 -56 34 -27 41 36 -47 -24 -12 63 44 -50 -27 31 -10 -5 47 39 21 -49 46 46 -24 -20 -48 -10 8 -43 -46

4 2 1 8 7 1 6 1 1 3 8 1 7 6 1

-23 57 1 4 46 52 1 10 50 44 28 -27 31 -5 33 -49


47 49 -49 -58 -42 -7 48 -19 -42 -33 4 -25 20 -20 -57 -63 46 -47 -23 -8 -54 34 -61 -1 -58 27 -26 27 -23 -7 -34 -47 46 45 37 -15 -32 -3 -59 38 -26 -62 -20 -10 57 -51 -8 -37 42 19 -14 -15 -4 57 -56 -13 -37 50 59 23 -1 43 -38 27

8 2 1 8 1 8 0 4 5 4 4 3 3 3 7

47 -49 -42 48 46 -23 -54 -1 46 37 -16 31 42 -14 -4 -56


-22 -45 56 5 -2 -15 -18 50 2 -56 -40 34 -47 -59 21 47 -2 42 -54 52 53 11 63 -9 -28 4 43 1 3 9 -59 -50 6 21 60 -51 -56 -46 0 29 -55 13 -54 58 -6 13 -49 -5 -61 -14 -36 -61 -33 -43 -53 42 -9 34 -39 -35 -42 25 3 -12

3 5 3 6 3 0 4 2 2 1 5 5 3 3 8

-47 -59 21 47 52 11 63 -9 53 9 -59 -50 3 -46 0 29


29 46 53 34 -24 -45 -12 10 -33 2 -8 -42 -30 -59 33 -54 22 -14 44 -25 -49 39 16 -25 7 -55 11 9 -60 21 37 39 28 17 49 2 -11 -29 -7 -9 40 -4 37 5 -32 -15 4 -10 28 62 17 -52 19 -15 -19 20 -47 19 5 -39 -13 27 -9 -55

4 6 0 3 2 0 7 5 3 5 8 0 7 1 8

29 53 -24 -12 22 44 -10 16 28 4 -1 -7 28 17 19 -19


35 26 -49 31 -36 26 -55 -44 11 -42 7 -30 32 54 -24 21 26 -38 59 19 -48 61 38 38 -2 -48 41 37 -57 37 63 34 -58 -38 -51 11 -6 -39 -61 10 11 -3 13 19 -7 30 46 -32 -54 43 -58 11 -46 -61 61 13 -47 56 -21 -48 -46 15 26 -5

7 6 6 8 2 1 3 2 6 4 6 4 8 6 2

35 -49 -36 -55 26 59 -48 38 -38 2 -6 -61 -54 -58 -46 61


9 15 -8 -60 -16 48 56 -29 -4 34 63 49 10 8 46 -1 -20 -3 61 41 61 54 58 -16 46 36 38 20 -5 -44 55 12 -8 -23 -59 38 37 -46 6 -14 -8 44 34 -16 -11 -59 16 58 -29 48 56 27 -31 -52 48 18 -49 -58 20 26 -36 -55 16 45

0 5 5 6 3 4 6 0 0 0 5 2 7 1 8

-49 61 54 58 28 28 -44 55 28 28 -46 6 -16 -11 -59 16


53 -60 -20 0 36 38 54 43 20 -56 31 36 29 -46 -50 60 -19 24 58 29 -25 -30 -23 63 -56 -24 -59 47 -37 20 -30 -35 18 17 -26 57 -45 -45 2 27 -57 -37 39 -41 46 42 -41 41 -53 30 -51 -12 11 52 39 -17 61 49 -63 -17 23 19 -6 57

0 1 5 5 4 1 4 3 3 4 0 2 3 6 0

7 -17 -30 -23 5 5 20 -30 5 5 -45 2 -41 46 42 -41


19 38 -24 9 -10 40 -33 45 12 27 -25 26 -39 -13 -58 59 -19 -52 -15 2 11 21 5 0 -52 -43 -16 -23 15 26 -2 -7 -45 -31 -5 -25 -49 -28 1 -63 52 -21 -49 22 39 19 60 -6 54 -39 2 10 44 61 -29 32 -8 -51 -4 -42 -26 -33 30 14

0 5 6 0 2 0 3 0 6 2 2 5 7 4 7

-5 -24 -24 -28 -49 22 39 19 2 10 44 61 -4 -42 -26 -33


-30 -61 0 23 -47 -47 -63 36 59 15 -60 47 35 18 -53 59 35 51 -49 39 9 -46 55 -57 -39 -29 45 31 -36 -64 62 -52 31 -31 -63 -4 -9 6 33 17 -58 -18 1 54 -17 25 10 -29 0 58 -37 33 -31 -61 -60 1 -54 62 -23 -8 -19 -57 -59 -4

3 8 0 5 2 4 6 0 8 6 2 5 7 4 3

-17 15 62 -52 -15 -15 33 17 -17 25 10 -29 -31 -61 -60 1


-60 -2 26 -49 -3 54 63 -41 -20 -14 61 -56 -36 -60 25 61 -33 52 5 -63 -25 -61 24 -9 -61 20 -19 -61 -63 -42 -33 -16 -17 9 -48 44 45 -14 21 -28 -55 -32 -54 -4 -17 42 -63 22 27 -15 -46 28 -28 34 -34 37 40 43 48 -26 52 -62 -59 -7

6 0 2 4 3 1 3 5 7 2 3 7 7 8 3

-60 26 -3 63 -33 5 -25 24 -17 33 45 21 27 -46 -17 -34


-11 -2 -58 -16 1 38 19 13 26 -32 4 34 -19 -47 -9 51 -11 25 -12 46 24 -43 -34 -49 -22 46 -41 38 -17 27 -8 18 -17 53 -52 -17 -48 58 -52 -4 50 12 19 -45 -35 -13 35 -36 17 -20 -47 -5 -12 48 6 -24 -64 14 32 55 27 -19 38 15

4 7 0 8 6 3 6 6 0 8 5 8 6 1 3

-18 -9 58 -52 -9 -9 -13 35 -5 -12 48 6 55 27 -19 38


-45 -8 8 -33 -8 48 -27 -40 -39 -51 49 -62 63 -1 -22 33 -18 -54 -15 -60 -2 -10 -33 19 -49 15 51 58 -32 21 -13 12 61 -61 26 54 12 -2 7 29 34 -25 -5 40 -11 55 -31 2 15 -16 35 -13 -59 -22 -45 -11 32 -41 -41 -12 17 -47 -41 32

7 8 4 0 4 7 0 2 2 3 0 1 5 5 1

-45 8 -8 -27 -18 -15 -2 -33 61 26 0 7 15 35 -8 -45


-63 57 -59 -42 52 -32 -61 23 -52 0 -13 -41 44 -52 5 -56 -40 30 50 -21 28 24 -57 -63 54 14 -19 -4 -30 -13 32 60 32 -27 6 4 40 -36 45 -49 -38 -60 -57 -52 -20 12 33 53 -32 3 -52 -7 52 16 57 52 -6 1 -63 10 -47 10 -47 -54

2 4 6 2 0 6 2 5 4 2 8 3 3 7 1

-12 -4 -36 45 -52 -20 12 33 -7 52 16 57 10 -47 10 -47


21 51 44 61 -30 -24 32 41 49 -40 21 19 33 30 30 56 49 11 -37 5 -44 14 -41 0 -28 -62 -49 38 -25 31 -6 3 -32 58 -53 -40 -61 59 -18 12 14 -38 -51 -42 13 -41 -33 20 62 60 -32 -14 16 58 20 2 40 -63 59 1 -44 54 17 -5

6 4 0 2 3 4 3 4 8 0 4 5 3 8 3

21 44 -30 32 49 -37 -44 -41 -32 44 -9 -18 62 -32 16 20


-27 -27 -19 -19 52 -52 -41 -62 -11 59 -47 -18 -61 -23 -57 55 1 -15 -19 -3 -29 -46 -46 52 52 38 12 -48 -58 -2 -37 -18 -19 0 -2 -53 -49 -41 36 -51 -14 -31 -9 -36 49 -6 27 14 -7 40 11 31 45 -20 -27 11 -7 -25 -55 -31 56 -17 -25 -28

6 8 6 0 7 5 3 1 4 2 3 8 0 7 1

-27 -19 52 -41 1 -19 -29 -46 -19 25 -2 36 -7 11 45 -27


18 23 -48 62 34 -41 -6 -36 60 29 38 28 58 -22 -18 -58 18 -46 62 -39 17 -41 43 -36 49 -54 49 20 58 -20 63 11 -10 35 35 -46 -40 39 47 56 -33 1 42 -37 -12 43 47 24 52 -6 -15 -63 33 -15 -23 -7 -18 12 -52 6 -40 55 -58 25

0 7 1 6 0 3 8 3 8 8 3 3 8 5 6

18 -48 34 -6 18 62 17 43 -10 9 9 43 52 -15 33 -23


23 -21 -59 -10 60 -2 24 -45 60 7 62 25 -61 37 42 -55 -60 -53 17 -61 1 -30 -29 -40 -22 18 -54 20 -14 36 36 -7 5 57 -26 13 -53 -2 -53 56 26 -35 -12 29 26 47 0 -53 -58 46 30 4 -2 41 -34 16 19 -14 37 10 -29 -3 -14 -19

8 3 2 2 1 4 0 4 2 1 2 0 2 6 6

13 -8 -8 -53 29 26 47 0 4 -2 41 -34 10 -29 -3 -14


-44 -57 24 2 -46 9 -7 3 38 -3 19 -50 60 -22 -19 -29 -31 13 -33 -20 58 39 -52 -53 -42 16 16 42 38 54 -48 20 24 40 -45 -41 9 35 19 -57 -54 3 -57 18 17 60 -61 43 43 -42 57 -38 -32 -16 44 -12 -39 14 50 -34 -11 26 -9 11

1 1 4 1 1 8 4 8 3 5 8 0 7 7 6

-44 24 -46 -7 -31 -33 58 -52 24 -45 12 -48 43 57 -32 44


-31 58 42 41 54 21 4 -29 5 -53 42 14 -35 -46 -35 25 56 -35 38 53 54 -44 37 32 -2 -59 -44 -13 -45 21 -43 -1 40 8 47 -22 45 20 8 62 42 13 -28 -62 -27 34 -6 -22 11 -30 41 -6 -2 -26 24 2 6 -22 32 -21 21 52 -33 48

4 4 7 4 7 3 6 7 6 8 8 4 4 0 1

-31 42 54 4 56 38 54 37 40 47 -45 8 11 41 9 24


9 -49 44 -9 -31 44 -1 0 57 40 -53 -53 -8 8 -7 -9 30 -20 62 27 -9 -8 0 41 12 -3 50 47 -43 -61 -45 -45 -55 -19 -5 24 -25 5 -8 -58 16 61 30 60 44 -63 57 -2 10 -7 30 -32 -22 -30 -46 21 -8 -61 63 -2 -48 26 -19 -12

1 3 6 4 2 3 1 3 4 2 7 2 4 7 4

9 44 -31 -1 30 62 -9 0 -55 -11 0 -8 10 -30 -22 -46


-59 34 -34 -24 -31 58 26 -20 -55 -27 -9 -58 36 0 27 31 6 6 -42 -33 -63 41 -42 52 60 -28 -50 19 51 13 57 -34 -19 -43 -51 -27 60 -42 -18 31 -39 56 3 -40 -23 53 53 0 10 14 39 -45 63 24 18 -46 -44 -28 -45 -15 57 17 51 -38

4 2 6 4 8 0 8 0 1 8 8 5 3 6 8

-59 -34 -31 26 6 -42 -63 57 -19 51 18 -18 10 39 63 18


-49 43 12 59 28 -11 -42 58 -29 3 -22 21 -1 24 53 23 31 -2 -56 40 -61 -14 12 24 -18 -52 26 -47 24 -38 -45 -40 52 49 10 35 -62 -13 -36 35 34 25 3 -6 -33 62 -57 14 -11 -50 -10 -63 42 19 -44 -47 -29 -53 -49 -28 -14 4 -36 45

4 8 4 6 5 8 3 6 3 1 2 4 0 7 8

-49 12 28 -42 31 -56 -37 12 52 10 -62 -36 -11 -10 42 -44


-31 11 -11 19 -4 -60 -62 33 -41 25 28 48 30 10 1 -51 61 52 35 33 7 50 61 13 -51 -17 -31 40 -46 59 -21 -35 31 -61 -13 14 -34 14 59 -52 -12 29 15 -28 -5 30 -37 10 -36 -45 4 -9 37 35 27 23 -35 -60 25 -3 -46 3 53 13

7 1 4 5 7 4 6 2 6 5 0 5 0 5 3

28 33 7 50 5 40 -46 59 -24 -13 -13 14 -13 15 -13 30


-55 41 -23 0 -44 6 35 59 -16 -60 -5 11 -33 -51 -34 13 -52 -20 24 -34 -47 -44 25 32 -50 -28 20 20 -5 -51 57 6 5 44 23 8 -56 8 -51 23 49 42 9 -41 -19 -10 30 13 -2 9 36 13 -33 56 6 -8 -61 -31 40 -24 -24 -51 56 12

8 0 3 3 7 3 1 6 0 2 1 2 1 1 5

-21 -21 -51 23 -21 -21 30 13 -33 56 6 -8 -24 -51 56 12


6 27 -57 -27 56 -8 -14 1 -52 7 50 -45 -33 10 -9 19 -5 27 9 32 -15 -11 9 -56 -12 -34 15 -50 28 52 40 -6 10 -42 -61 27 35 7 -9 49 19 61 -36 -51 -27 18 -14 15 58 3 -34 -4 -20 -18 23 57 -21 -29 42 34 -33 18 44 -59

0 1 7 3 8 5 3 2 6 3 5 4 5 5 8

6 -57 56 -14 -5 9 15 9 10 -61 27 -9 58 -34 -20 23


0 -29 -52 34 16 1 51 25 -41 21 -38 45 44 -8 -61 -29 -14 6 48 20 22 -3 41 -13 28 24 11 28 -12 -9 54 -47 53 58 34 17 -36 -11 -45 -51 -3 58 31 -30 -6 -60 -5 -63 12 -52 50 -29 -60 5 -44 -59 39 61 -20 -42 -30 -18 45 36

5 8 4 6 1 4 5 2 4 4 4 3 0 7 5

-17 3 41 -13 -9 9 54 -47 -36 -11 -45 -51 -6 -60 -5 -63


38 -13 28 -50 42 7 -4 -44 38 57 18 22 10 10 23 52 35 39 -41 -62 -43 -12 -63 23 43 -35 -27 -63 -1 -5 -44 -32 11 -7 -43 60 43 24 -16 26 -6 62 -23 63 27 -5 15 -50 -3 -3 -18 -3 -14 43 -10 51 -1 56 -62 36 -14 -58 -44 8

6 1 3 8 1 8 4 1 3 6 7 2 0 3 1

38 28 42 -4 35 -41 -43 -63 11 -18 14 -16 -3 -18 -14 -10


4 0 63 -15 -43 -6 -48 -13 -47 -5 27 2 46 -34 23 0 -29 63 -14 59 11 25 1 47 -30 11 2 35 53 -60 -28 48 53 12 24 60 -17 -32 10 -4 48 9 -30 -16 -12 4 56 -36 9 -57 -3 20 -17 40 -11 -32 -61 -30 -23 43 -39 -35 48 54

5 5 5 8 7 3 6 3 2 4 2 7 3 6 8

-59 -60 -28 48 -17 -32 10 -4 -12 4 56 -36 -17 40 -11 -32


-44 -29 49 -19 -5 -61 32 20 -61 47 42 56 -41 -9 -42 25 3 7 3 35 38 45 53 36 53 -7 -63 -50 56 39 -28 29 21 19 32 10 -28 41 -33 -46 8 29 -3 8 10 22 58 50 -48 51 52 8 -13 -14 -46 28 -35 -63 -1 -52 -62 11 -19 2

8 1 8 4 2 4 6 7 5 5 6 2 5 1 8

-44 49 -5 32 3 3 20 53 21 32 27 27 -48 52 -13 -46


11 -34 -61 60 -32 31 -3 21 -29 4 57 56 -49 1 -50 -11 -7 54 8 23 -18 -56 -11 -52 -30 60 -40 -52 -47 38 4 46 62 -34 -8 -50 42 -28 -33 22 -28 -7 -3 15 -47 -58 44 -22 -53 40 -56 -15 13 59 11 61 -1 -22 -10 -48 52 57 -40 47

0 2 6 7 0 0 2 2 6 0 6 0 8 8 0

11 -61 -32 -3 -7 8 -18 -11 -6 -5 -48 -33 -53 -56 13 11


-3 5 -24 52 -6 -45 -46 11 29 -4 -37 16 43 -62 8 -32 -33 -9 -42 34 -5 15 -34 34 -62 50 -42 23 8 56 54 60 -16 -62 43 43 52 -24 8 12 -63 -36 1 56 16 28 -5 -41 53 -1 -48 -3 17 5 -32 -48 -42 -9 -34 -8 -52 -48 -6 22

6 0 2 7 0 3 4 2 6 5 5 6 3 4 6

9 33 33 8 -62 -33 -33 52 -36 -33 -33 16 -1 -48 -3 17


-57 -58 7 -56 8 -13 16 -41 -5 16 -57 7 -19 49 -9 -14 26 50 43 1 23 59 -12 8 -23 50 41 1 -11 -16 9 28 -30 0 2 46 31 17 -60 -29 -12 37 -55 -7 6 22 15 -31 -37 -43 -45 61 -21 10 57 -22 -8 43 41 13 4 3 21 22

4 3 1 4 4 2 2 0 0 1 8 4 0 8 6

-57 7 8 16 26 43 23 -12 -30 2 16 -60 -37 -45 -21 57


-64 -13 17 4 27 -16 0 6 6 -30 28 16 44 -35 -58 22 -33 -18 -16 27 -36 39 -6 40 -49 -34 2 -46 -11 -46 42 -43 -39 28 -30 54 -37 -4 -30 -19 63 -22 28 -15 -43 -58 -17 -48 -27 44 -51 50 -42 -10 28 -52 21 -38 -42 -62 -3 50 44 -43

4 7 3 2 0 3 3 6 0 2 1 6 3 1 7

-64 17 27 0 -33 -16 -36 -6 -39 -13 -29 -30 -27 -51 -42 28


-22 -19 -24 53 -10 52 50 -52 5 -59 62 60 -15 -46 -28 -52 32 18 35 -38 -58 -5 -31 6 36 -49 28 15 8 35 -24 -3 -2 9 -5 4 12 -60 -4 -6 -33 5 -25 56 13 -31 13 -58 43 -44 -19 37 -1 -12 30 -54 -9 34 35 -55 -48 2 32 -7

7 8 5 5 3 2 7 2 3 2 5 7 1 4 6

1 1 -4 -6 13 -31 13 -58 -1 -12 30 -54 -48 2 32 -7


-16 32 -53 45 -31 30 -60 6 37 6 -42 45 -59 -62 31 58 7 47 4 14 -29 28 27 -38 26 -58 -44 -21 -33 -15 21 42 -23 0 62 59 -58 -45 -62 15 -34 41 -29 51 -38 -4 51 2 12 32 3 -62 -54 48 46 -13 -64 29 29 30 -64 -53 -34 -38

7 3 8 7 4 4 0 0 3 3 1 4 5 7 0

-16 -53 -31 -60 7 4 -29 27 -23 62 59 -62 12 3 29 46


62 -7 37 32 9 5 -48 -43 30 -12 41 -27 58 46 -27 -4 30 -36 20 -28 -29 -37 38 -36 -22 52 -54 -58 -39 -31 13 52 -25 -16 -40 -24 -10 13 52 -36 5 -7 -46 -1 11 3 60 30 23 -57 61 3 27 -3 56 -30 -11 -34 -9 -47 3 53 45 -56

6 5 7 5 1 4 1 1 3 6 7 2 3 4 1

-6 -24 -10 13 -46 -1 11 3 61 3 27 -3 -9 -47 3 53


53 -36 -53 -51 -41 22 -36 55 -32 5 42 -53 27 58 -29 35 33 35 -31 -59 49 -48 -53 48 -10 -18 -22 -3 -19 15 -10 12 -1 -25 57 36 -42 7 -25 -57 -1 -44 -30 53 -21 14 20 10 0 -5 -1 1 50 37 18 -58 -39 22 -49 31 21 -38 -64 26

6 8 1 7 1 6 1 5 8 4 0 6 7 3 7

53 -53 -41 -36 33 -31 49 -53 -1 8 1 -25 0 -1 50 18


-39 -35 53 -27 59 -3 -42 52 -1 63 -16 24 -6 -52 -55 -6 5 -46 58 25 11 20 -29 -26 26 23 57 -37 -55 -19 -38 23 62 -29 -53 -58 -50 12 16 -42 42 50 -17 -48 28 35 21 -5 -5 -52 32 37 58 21 5 32 39 -55 -10 60 -20 54 13 52

8 8 1 8 2 0 2 6 1 1 7 6 3 7 3

-39 53 59 -42 5 58 11 -29 62 -53 28 -7 -5 32 21 5


47 5 -62 -49 -41 33 0 -8 -57 -47 -55 -58 41 55 4 52 -12 -51 -34 22 20 -2 -48 38 56 -39 -41 -61 50 -63 18 -10 -4 -7 11 -38 -40 -15 -25 -57 -20 -46 -25 7 -56 19 -50 3 -59 -9 8 -45 53 40 -63 43 45 -52 -51 51 -37 12 -62 2

8 2 3 3 5 4 5 4 4 8 3 0 2 0 1

47 -62 -41 0 -12 -34 -20 3 -4 11 -15 -25 -59 8 53 -63


13 -38 -25 8 61 -35 -3 37 -9 -27 27 -31 -10 48 -29 -18 30 -3 13 30 -52 -40 47 7 -33 33 53 55 8 -13 10 29 39 29 27 -64 -9 -2 -21 45 27 18 -15 24 -16 14 56 -54 -4 -5 -5 28 41 -20 24 -12 29 44 -43 13 -2 -12 41 -6

1 8 2 0 7 2 8 0 5 6 3 8 7 2 1

13 -25 61 -3 30 13 -52 47 39 27 -1 -1 -4 -5 41 24


21 36 -49 0 -30 43 58 -50 41 59 23 -42 36 -7 26 -9 47 49 -40 -52 2 62 -21 -53 46 16 53 38 -31 25 -54 -33 -36 -27 53 -30 -49 -36 25 -45 5 -23 2 10 1 -48 -51 -44 38 50 -20 -32 63 -56 -35 54 30 36 14 15 32 -2 -47 11

1 3 6 2 1 3 8 8 3 2 0 3 0 5 8

21 -49 -30 58 47 -40 2 -21 -36 17 -18 25 38 -20 63 -35


15 22 -59 -42 15 56 34 -8 -24 17 55 57 -27 8 -53 24 17 -6 61 -63 34 -16 -63 6 4 -59 25 -10 -14 -50 63 40 -38 -4 21 -46 0 49 -52 -51 55 31 -62 -62 -31 35 -27 -34 -41 -59 44 14 -8 -48 -26 16 29 55 -60 54 10 62 40 56

4 6 7 6 6 5 6 5 5 3 5 6 7 7 3

17 25 10 14 -4 21 46 0 31 -62 -62 -31 -59 44 14 -8


-29 -32 -41 -39 -50 -43 -29 52 -39 -31 26 -27 -64 38 52 20 -2 42 60 2 -64 -61 -18 35 -52 -12 8 49 -15 -26 -35 30 32 -17 3 56 -30 -3 -25 26 2 52 58 35 3 0 13 47 -5 19 22 -10 35 -37 -63 -15 38 25 52 34 13 11 -63 -46

0 8 6 5 3 5 1 3 7 8 7 4 5 2 3

-29 -41 -50 -29 -2 60 -18 -18 32 3 -17 -25 -5 22 35 -63


-15 -20 13 -41 43 15 -11 -7 -64 31 3 0 19 55 -19 30 25 -16 9 -44 37 2 54 -31 11 38 26 58 -14 4 49 -62 -8 29 -23 10 -24 12 -60 -50 -35 57 -13 9 23 -62 -32 -20 -25 31 42 9 -29 -62 20 -5 -43 14 -27 -55 -9 -20 -47 -10

7 5 8 6 8 7 7 4 4 8 3 1 5 3 3

-15 13 43 -11 25 9 37 54 -8 -23 -24 -34 -25 42 -29 -34


13 1 6 -54 -49 35 8 57 -47 -30 -31 23 42 61 -24 -20 53 34 -24 -10 3 44 50 53 -4 -32 26 3 -17 42 -28 32 -21 -4 22 58 -19 38 -49 -7 30 -22 21 29 -25 -32 27 10 -62 37 40 -57 31 -55 20 -33 16 39 32 54 -1 18 46 -4

2 0 8 1 6 8 2 2 7 6 2 7 5 3 1

13 6 -49 8 53 -24 3 50 -21 22 3 -49 -62 40 31 20


35 -46 -30 -48 -17 62 -30 59 -22 1 55 5 -19 47 44 -13 23 -16 -7 -54 -45 15 36 -10 -3 -30 -45 -54 -59 -18 -24 -30 45 -26 3 34 -49 -19 46 15 41 49 17 -26 -11 -54 0 -30 54 -30 18 -23 -49 20 53 51 21 53 40 -28 -11 -60 48 41

6 7 4 3 7 8 8 4 7 7 5 2 6 8 4

35 -30 -17 -30 23 -7 -45 36 45 -17 -49 46 54 18 -11 53


-46 -40 17 -55 51 -53 -6 -11 -47 36 -34 -19 -27 33 29 9 40 51 53 1 -64 -54 19 -34 -43 42 -56 14 -64 -51 -63 -52 17 58 33 -7 35 8 7 60 30 -12 -29 50 40 -48 53 27 29 19 9 54 -30 23 33 -29 -64 -59 7 -41 -13 41 11 47

5 3 4 8 0 5 2 4 3 1 0 3 8 6 2

-46 17 51 -6 40 53 11 19 17 33 35 7 29 9 -30 33


-20 52 -53 23 18 -32 -47 -64 14 27 50 6 -3 60 -20 -45 -50 -27 -38 -8 -26 -40 21 40 42 32 25 51 -18 41 -57 37 -23 -50 60 10 -12 -58 -60 13 56 -34 -59 -49 34 1 -4 18 20 35 -14 -4 16 -64 9 51 -42 38 10 -43 54 10 57 -2

8 2 1 6 4 3 0 7 0 2 0 8 0 3 2

-20 -53 18 -47 -50 -38 -26 21 -23 60 0 -60 20 -14 16 9


4 38 55 -26 -10 49 52 -13 21 -16 -33 56 -54 54 29 -56 -30 -48 49 30 -28 2 6 -44 61 -49 53 27 12 46 -32 -1 61 10 -27 -39 -50 -58 -20 60 -2 -5 18 29 15 -52 -26 -50 -46 11 -38 29 -29 -21 -37 -21 56 -56 7 -20 -64 -28 31 -18

5 2 6 5 3 5 7 7 1 7 4 7 0 8 8

4 55 -10 52 -30 27 12 6 61 28 -50 -20 -46 -38 -29 -37


-18 53 -1 -24 21 7 -8 29 -58 38 -63 40 37 33 15 56 -55 49 -38 44 -54 55 -58 -38 -38 47 -2 -22 -40 -45 -56 4 11 0 34 -61 -49 -34 -34 -31 -35 22 37 30 -16 62 31 27 -42 63 59 51 -20 -26 33 7 55 2 -28 -11 -24 59 -41 -46

0 4 2 0 4 4 8 4 8 6 2 5 0 8 5

-18 -1 21 -8 -55 -38 39 -58 11 34 -44 -34 -42 59 -20 33


-44 -4 55 -13 58 13 15 26 -43 -13 10 13 -48 -25 -51 61 29 -37 11 38 -17 -33 26 10 -32 18 18 -62 -58 -32 -5 -52 -8 -24 62 -55 -20 58 -7 56 28 -52 -30 62 7 50 -29 0 57 -4 -22 14 23 -22 -32 62 6 19 -48 -32 -22 -57 30 -11

1 6 2 4 4 1 7 7 6 5 6 4 2 2 6

-44 55 58 15 29 11 -17 26 52 -4 -48 -7 57 -22 23 -32


3 -11 10 5 -57 25 -55 27 -29 -42 25 -19 -29 -41 40 -11 -29 30 -10 36 -33 -9 46 -19 -31 -22 -6 -38 -45 -9 -8 62 -25 -30 41 -11 53 35 34 -42 27 -36 26 -18 -23 -42 -28 -8 -45 -15 42 -12 62 -6 -2 12 -8 -46 -57 42 32 -41 -37 13

7 5 2 0 7 3 5 1 6 1 3 4 5 0 8

-22 -9 -8 62 -22 35 34 -42 -24 -42 -28 -8 62 -6 -2 12


-1 50 -25 -28 10 44 48 -36 -40 -41 20 15 54 -52 -20 -45 -17 -45 -37 8 -53 -5 -11 1 -55 -56 -10 -63 26 20 -53 21 0 -54 28 23 46 12 -45 37 4 -4 -41 -13 -41 50 21 -14 -23 8 58 30 16 44 -7 -19 -32 11 21 31 7 -18 -38 -22

2 4 4 2 2 7 7 6 0 1 1 0 4 3 4

-1 -25 10 48 -17 -37 -53 -11 0 28 26 -45 -23 8 16 -7


-10 11 9 43 26 -9 -44 -15 -42 -55 -8 33 -26 32 24 -52 -27 42 52 11 -11 -61 16 -25 -40 -62 35 -25 -40 56 -17 57 26 11 -20 -41 -29 -21 22 -50 -43 -15 6 5 60 12 -50 47 -50 27 -3 55 -16 -19 -48 29 42 59 42 19 -1 50 -53 14

1 2 5 8 0 2 1 3 7 5 0 0 1 0 8

-10 9 26 -44 -27 52 -22 16 26 -20 -33 22 -50 -3 -16 -48


14 22 50 -40 -4 -5 -64 -12 53 21 46 53 20 39 8 32 -41 -12 33 20 50 54 -63 -48 15 60 -23 13 26 -8 -43 -17 -4 34 -49 -54 -1 42 -53 29 -29 14 23 -30 16 -23 52 -30 19 -51 17 -58 16 -56 31 21 -28 21 62 -41 10 15 -19 26

5 6 1 8 3 6 3 4 4 4 4 8 1 5 0

20 54 -63 -48 20 -8 -43 -17 -1 42 -53 29 16 -23 52 -30


43 -19 -53 -9 -24 -24 -46 31 33 16 58 -26 -31 62 -34 -13 -55 -64 63 -56 -37 -51 -16 -24 47 17 48 -52 5 46 -16 -46 -31 43 -42 10 -17 50 -5 22 42 -25 -62 -20 -15 54 -10 -54 15 51 -16 -48 -63 -64 45 -21 40 -19 -1 -48 -41 24 32 -1

5 8 2 3 4 6 0 3 2 3 0 2 0 0 5

-28 51 -16 -24 -28 -46 -16 -46 -17 50 -5 22 -15 54 -10 -54


24 -45 -18 10 37 30 5 15 -38 47 -57 -35 -43 -19 -52 40 16 8 -36 -11 1 -38 60 0 7 32 44 -30 40 -3 -12 42 -33 -62 3 57 -49 33 31 -10 -47 37 30 39 8 -20 -13 -43 -61 -32 37 46 -25 -56 -27 21 -16 51 -24 -14 -51 -6 17 6

8 0 2 3 6 7 3 1 3 5 1 3 8 1 5

24 -18 37 5 16 -36 1 60 -33 3 12 31 -61 37 -25 -27


-42 -46 -18 -54 -48 -56 3 1 -26 42 7 33 36 -11 46 -57 55 -12 -21 41 -11 -18 3 -14 -2 52 36 3 21 -63 -1 -25 -49 40 11 9 -37 -23 -52 -36 -3 33 -3 30 -54 -20 11 26 17 19 -18 -11 -42 -28 -31 63 8 -25 -11 22 -17 61 38 38

8 4 0 8 3 0 5 1 3 8 3 2 8 7 6

-42 -18 -48 3 55 -21 -11 3 -49 11 30 14 17 -18 -42 -31


-34 27 -55 9 -2 -60 -55 -36 42 -27 -53 -33 -55 -29 -29 -24 10 47 30 31 -27 -11 61 -14 51 35 -25 47 58 -33 -43 -18 1 59 -22 36 52 30 -30 -39 6 15 43 55 38 7 -23 -54 57 -37 51 22 -23 39 45 21 -2 -43 17 62 -29 -30 61 59

5 6 7 0 1 0 5 5 3 7 6 5 2 3 1

20 -33 -27 -11 7 7 58 -33 7 7 52 30 43 55 38 7


56 48 -45 17 -56 0 -38 6 -30 17 32 63 63 7 -9 6 51 -3 -21 -39 45 -26 -22 -12 36 -16 30 0 -48 20 -4 -64 44 28 10 49 19 63 -7 -6 -50 -26 35 -54 10 -39 6 -21 45 -2 -48 43 -4 -7 1 47 42 56 -48 -41 40 -31 38 1

7 0 7 5 0 4 3 6 7 1 4 6 1 3 4

56 -45 -56 -38 51 -21 45 -22 44 10 -14 -7 45 9 -4 1


-31 55 -57 -64 -38 -22 -63 15 34 61 -24 44 -57 -49 18 28 8 44 -12 5 48 35 1 -44 -6 -47 50 19 54 -38 53 13 -21 -62 4 -2 -52 -43 -49 43 8 -4 22 16 -44 6 -36 62 4 -1 50 42 -29 47 52 -24 45 43 -53 -19 -40 -8 43 -6

4 8 5 8 6 4 8 7 8 7 8 3 8 7 2

-31 -57 -38 -63 8 -12 -48 1 -21 4 52 -36 4 50 -29 62


23 31 20 20 43 -27 -40 -33 32 -7 -25 53 -20 -45 -32 -5 54 36 -10 -28 53 -17 14 -49 -54 7 -29 -5 -63 -53 62 17 57 -58 -44 37 -8 60 33 -24 -63 42 -10 -13 -60 -35 63 -13 41 -36 -64 28 -24 -39 -27 -53 -4 -61 -46 -1 52 36 -43 -42

5 1 2 4 3 8 2 0 8 7 7 5 3 4 2

23 20 43 -40 54 -10 -3 14 57 -44 -8 -33 41 -64 -24 -27


5 22 -41 -24 41 -10 -8 -35 52 -44 51 14 -61 -52 56 -21 4 -44 22 38 -32 55 -61 -26 4 25 -41 -34 2 -36 13 -41 -34 -29 37 -36 21 -6 -47 2 20 29 62 -23 -16 -32 12 -10 14 -56 -44 -4 33 24 33 62 44 32 -23 63 -2 -58 -17 38

6 6 8 1 6 0 6 4 4 0 8 0 3 2 1

-18 -18 21 -6 62 -23 -16 -32 -44 -4 33 24 -23 63 -2 -58


23 -3 10 3 -44 24 18 40 -63 -41 17 23 42 11 42 47 -51 -14 15 28 9 58 52 -1 2 -51 -36 -21 -20 31 15 29 -35 38 -28 35 -26 -49 -16 -51 12 6 35 19 -36 0 -6 54 2 41 15 -44 -62 -48 52 -27 0 -44 63 -26 -10 -28 -28 37

2 3 1 2 3 0 2 5 8 6 5 5 6 8 0

13 11 42 47 9 58 52 -1 -8 31 15 29 -8 -49 -16 -51


-17 -4 -26 19 -54 -14 -61 22 55 -41 51 -49 17 -59 50 52 0 41 -55 28 46 -22 -60 -13 44 45 -14 28 -29 63 14 25 -56 15 -57 5 32 -8 -49 -61 30 -25 -13 30 34 48 59 61 -14 50 -18 -55 -40 38 60 -40 -63 56 44 -47 38 61 49 -10

7 0 4 8 3 8 3 5 8 3 7 0 5 6 3

-17 -26 -54 -61 0 -55 46 -60 -56 -57 -31 -31 -14 -18 -40 60


3 1 -8 -18 11 11 3 49 -15 61 -22 -31 -61 41 36 19 -8 -22 -54 -12 -19 1 -16 37 27 31 59 -49 13 52 -63 30 -30 30 -60 -37 -31 -52 -20 51 51 -5 -21 49 -5 -64 28 -4 -39 43 33 -10 19 -35 -3 28 6 -55 49 62 37 2 38 57

1 0 0 4 5 5 6 1 3 2 3 8 4 4 6

-29 -19 1 -16 26 26 52 -63 26 26 -52 -20 49 -5 -64 28


-61 2 -61 -37 13 29 22 -33 34 46 16 14 -22 33 -35 28 49 -21 3 51 -39 5 63 -28 -48 1 57 39 -34 49 51 -12 -56 24 -55 -35 -45 -28 -48 48 -57 -13 33 -18 -21 -61 46 -48 4 61 6 44 6 34 61 -7 29 61 -2 -28 -7 -19 20 60

4 5 5 0 1 1 5 8 5 0 4 1 8 5 1

-61 -61 -21 -13 49 3 -4 63 -56 -55 45 -48 4 6 6 61


18 -41 40 -25 -64 -64 -24 -61 -4 63 58 -28 -56 -60 -48 -11 0 14 -42 -49 -46 -60 -41 37 13 -50 -32 -5 9 -23 37 25 -16 52 6 -44 -2 34 38 39 -32 -40 -49 30 34 -57 27 43 -49 -56 16 -10 10 47 36 17 9 -60 41 -28 37 -5 33 14

5 3 7 3 5 2 5 0 3 7 2 7 5 5 4

44 -60 -41 37 -5 -23 37 25 -46 34 38 39 34 -57 27 43


-22 49 25 -8 53 60 14 45 0 46 33 10 58 4 -31 57 21 58 13 -7 60 -33 8 46 0 29 62 -16 45 -18 4 4 -12 -41 -46 -62 23 -8 59 20 26 -17 -52 -6 -47 48 -18 -38 41 -19 14 61 33 31 41 16 -54 -64 3 -34 -61 47 27 -44

5 8 0 4 2 1 2 6 4 1 1 5 1 1 4

-23 -13 8 46 12 -13 4 4 23 -8 59 20 -47 48 -18 -38


42 -32 -51 4 -13 -51 -12 19 -27 15 -6 -31 -40 29 -19 -61 -1 -2 -37 55 11 -58 54 32 -25 -36 -7 29 -25 25 -55 49 38 -1 49 -20 -45 22 -20 -3 42 -34 34 -52 21 41 -28 11 -49 50 62 57 -33 50 -17 57 -29 -20 -48 60 -2 9 59 -55

0 0 5 2 8 7 2 2 0 2 1 8 5 4 6

42 -51 -13 -12 -1 -37 -22 -54 38 49 0 -20 -49 62 -33 -17


-44 32 -20 -36 35 -24 -55 -37 41 12 -34 -7 -19 -47 58 -51 55 56 -23 -20 60 -35 -50 -60 14 -6 52 -15 0 -41 45 -48 63 37 -40 -16 3 2 -42 -62 -23 -21 51 -15 -52 -38 -51 61 -59 -33 -37 54 1 29 61 -7 -50 -26 2 -15 39 28 -18 -41

6 2 2 8 7 8 4 6 8 4 1 7 7 6 0

-44 -20 35 -55 55 -23 60 -50 63 -15 -21 -42 -59 -37 20 61


38 13 -5 -49 59 -58 -58 -13 32 -55 -4 32 -3 46 -22 8 -45 -29 -24 -29 8 -41 21 54 30 -53 50 62 43 25 -45 40 -44 44 11 26 -3 57 36 -50 -49 -2 -7 -44 63 -23 39 -54 -2 9 -56 -18 -17 -3 -28 -33 -33 11 53 -16 -55 45 21 31

2 2 6 1 7 6 6 2 8 4 7 4 6 8 0

38 -5 59 -58 -45 -24 8 21 44 -25 62 36 -2 -8 -17 -28


24 -32 15 -15 42 -44 37 -2 33 48 5 44 58 -16 -30 33 11 -60 7 26 25 -57 -25 6 -54 22 -35 -51 35 13 -63 48 62 -24 14 44 14 -53 38 -48 -32 -59 55 -43 -61 61 30 25 -51 42 53 -17 3 -18 -41 13 59 -13 -23 -36 51 60 46 60

8 5 0 6 4 0 2 2 5 2 5 6 6 1 1

9 58 -19 -16 7 44 -19 19 -35 -19 -19 19 14 44 14 -53


-45 -34 -60 45 -42 -21 37 -6 -56 18 60 -31 -38 -5 39 30 24 -3 0 23 -42 -12 49 61 6 -8 54 22 33 -1 38 -57 22 -19 -33 -45 17 29 17 -24 5 7 48 50 -33 -35 -48 -37 -51 46 -6 46 -41 13 29 -31 -14 41 4 30 28 50 -52 -12

2 8 5 1 3 0 2 7 2 3 0 1 1 6 1

9 -9 17 -24 -33 -35 -48 -37 -41 13 29 -31 28 50 -52 -12


27 -35 50 -33 3 -25 4 -6 -27 -46 10 32 43 -13 -34 16 -46 13 18 -55 -64 -64 -54 31 40 48 43 -52 -60 -38 -55 -16 6 11 16 15 -34 33 -50 -33 2 -62 57 -24 61 23 42 -36 2 -16 18 -14 63 1 -8 -32 7 22 -58 44 -51 2 59 -63

6 1 7 8 1 4 3 6 2 8 4 7 2 6 7

27 50 3 4 -46 18 -64 -54 6 -2 2 -50 2 18 -14 -8


-14 -18 42 18 29 52 -35 46 -28 37 -62 -36 -22 53 -50 -36 -47 -47 24 58 1 -46 -44 -24 22 29 49 42 -44 46 -47 61 -21 6 -13 -50 4 -3 -30 57 55 14 -50 15 49 -56 19 10 46 -11 -52 47 -30 2 3 -6 -21 20 54 -29 23 -17 17 63

6 0 2 7 0 6 4 2 7 0 3 2 8 6 7

-14 42 29 -35 -47 24 1 -44 -21 -14 4 -30 46 -12 -30 3


58 -22 3 -46 -53 6 -49 -36 -6 61 55 58 14 -6 33 20 -7 32 -37 -64 -30 -4 55 -18 50 27 -35 -30 43 -19 15 33 -52 -5 -15 36 28 1 -31 30 47 -8 46 41 -44 -19 -54 -23 44 41 22 -15 12 -57 -47 -44 31 21 50 -52 -48 -52 -36 -30

5 1 3 4 8 1 3 2 1 0 0 2 0 0 8

58 3 -53 -49 -7 -37 4 55 -52 -15 28 -31 44 22 12 -47


-27 27 -60 -40 15 33 21 -16 13 45 -12 -12 57 -13 -43 -15 10 -31 -56 7 16 24 -55 -9 62 -53 -59 -20 -21 63 41 49 50 -18 -49 -32 49 27 -59 -26 -45 12 -49 50 49 -5 -17 -25 -31 -21 -33 -35 -47 -28 -43 40 49 -31 56 23 50 -6 -43 28

8 2 3 6 4 7 3 8 5 2 7 0 7 2 3

-27 -60 15 21 10 -56 16 -55 50 -49 8 -59 -31 -33 -47 -43


-5 18 0 37 3 -14 -42 29 57 -8 -45 -26 16 -56 39 -48 62 -14 -9 41 -6 60 -50 33 40 -54 55 32 43 24 24 -24 -61 15 45 26 11 -58 13 14 2 23 47 -30 53 45 59 32 46 -63 -6 61 0 33 7 -13 -35 49 -14 43 -28 -14 20 -1

1 8 3 1 8 4 6 6 1 8 7 7 0 4 6

-5 0 3 -42 62 -9 -6 -50 -61 45 16 -13 46 -6 -39 7


-42 -23 -45 54 -2 -59 -62 -28 23 -62 33 32 47 -44 -57 -62 40 -47 52 35 -2 -25 59 47 -2 47 -53 3 -28 -45 -44 61 -34 -30 53 52 30 -47 -33 -56 4 -21 -58 34 -52 22 -15 -50 60 -37 -27 -61 11 30 -42 -13 54 49 -32 63 -41 30 -29 -12

1 3 3 2 8 0 3 7 3 1 7 4 8 4 4

-42 -45 -2 -62 40 52 -2 59 -34 53 -15 -33 60 -27 -11 -42


20 26 -26 44 52 33 33 2 -10 -3 59 -58 47 9 -2 -62 37 60 60 26 17 -3 50 -61 -4 45 -31 39 33 -38 15 52 -6 -40 -44 -3 -43 12 -56 61 56 41 1 63 39 -50 -54 -6 -44 -41 -56 21 46 -43 -58 20 -46 55 25 42 62 5 3 36

2 8 3 7 5 6 8 4 5 0 2 5 8 3 7

20 -26 52 33 37 60 10 -2 -6 -44 -12 -56 -44 -56 46 -58


26 -29 41 -13 -11 7 -36 -13 5 -60 56 18 63 61 51 -44 -35 44 20 -60 -60 -29 -50 13 -35 -48 -4 24 -22 -29 3 -24 55 25 -2 57 40 44 3 37 -23 -18 13 16 -45 -20 51 -50 -28 42 44 -25 -51 15 10 31 -15 -7 53 30 -47 -31 -49 23

7 8 3 3 6 7 4 0 1 3 8 8 5 2 6

26 41 -11 -36 -35 20 -60 -50 55 -2 -20 51 -28 44 4 10


26 -22 -12 -1 27 25 1 4 7 -26 41 -62 -41 -62 9 9 -43 -62 26 41 -61 15 27 39 4 -58 20 9 -46 54 -55 -43 21 54 10 -34 -56 58 -14 -21 -11 -39 22 40 17 24 -3 -9 -45 -4 63 -29 44 -30 -21 -22 -45 59 7 -52 44 24 7 15

3 0 8 8 7 1 3 8 0 1 6 2 1 0 0

26 -12 27 1 -43 26 -61 27 21 10 -40 9 -45 63 44 -21


-63 -29 -7 -24 9 40 18 4 5 -12 -63 -41 62 -29 -9 49 1 -16 29 -5 38 43 52 23 -62 0 -52 -24 8 -44 57 -5 -25 15 58 -17 -37 -2 37 46 36 44 57 -2 -47 9 -32 -43 47 -23 35 -45 -42 -38 -14 -5 -59 -52 32 60 -11 27 -63 -20

2 1 1 3 8 8 2 8 0 7 3 2 0 6 0

-63 -7 9 18 1 29 38 52 -25 58 -17 -7 47 35 -42 -14


-56 -40 3 39 23 15 -16 -54 30 -12 34 -11 2 34 -50 -30 49 48 -40 -49 36 43 -4 -6 -48 59 -55 29 22 -62 -37 44 -60 -33 -63 -51 53 19 36 -60 27 -5 3 -57 -15 -17 1 -3 -50 -9 7 59 16 -62 57 41 30 -45 34 -1 -11 -37 -8 46

1 0 7 6 2 0 8 2 5 1 8 1 5 4 2

-56 3 23 -16 49 -40 -43 -4 -60 -27 -7 36 -50 7 16 57


