268
2 5 3
6 6 0 4 2 3 6 4
6 6 0 4 8 7 6 4
2 7 5
7 3 11 5 8 4 2 4
7 5 9 3 8 2 4 2
2 11 3
5 17 6 7 17 20 3 5
3 19 8 17 19 4 9 3
2 11 7
18 21 10 5 19 9 11 7
2 21 10 15 17 3 11 13
2 11 9
10 7 16 2 13 3 4 20
10 19 20 6 17 15 14 16
2 13 5
8 1 25 23 0 6 17 12
8 1 25 17 0 2 23 12
2 13 7
22 25 5 6 0 7 11 10
22 25 21 20 0 19 15 10
2 13 11
15 17 4 16 20 24 8 15
7 23 10 22 2 6 18 7
3 5 3
12 3 8 3 2 13 1 1
3 12 2 12 8 7 1 1
3 5 5
5 14 8 14 7 1 4 8
5 14 8 14 7 1 4 8
3 5 7
4 11 1 2 5 7 14 2
4 11 1 8 5 13 14 8
3 7 5
6 10 5 9 18 14 11 10
6 19 17 18 9 14 2 19
3 7 7
12 10 18 7 9 5 6 5
12 10 18 7 9 5 6 5
3 7 11
1 10 8 15 11 11 16 16
1 19 8 15 2 2 4 4
3 11 3
8 26 16 29 9 19 20 29
2 5 25 17 15 13 26 17
3 11 7
19 4 22 14 26 28 4 21
28 31 22 5 20 7 31 21
3 11 9
12 3 1 2 19 26 23 10
12 15 1 17 7 14 23 10
3 11 11
21 27 3 6 9 14 2 4
21 27 3 6 9 14 2 4
3 11 13
1 13 12 13 16 26 23 13
1 7 12 7 25 5 23 7
3 11 17
29 1 12 11 28 24 7 9
2 1 12 11 7 30 13 3
3 11 19
1 9 24 31 25 26 25 7
1 27 6 16 4 14 4 19
3 13 5
16 27 20 9 2 35 32 38
22 27 11 3 32 29 2 38
3 13 7
33 25 12 16 22 30 36 10
6 25 12 16 22 30 36 10
3 13 11
13 9 4 4 18 15 22 28
13 3 10 10 21 33 16 7
3 13 13
38 28 11 0 30 26 36 32
38 28 11 0 30 26 36 32
3 13 17
28 16 33 22 3 29 0 35
19 22 24 16 9 35 0 29
3 13 19
8 18 11 31 17 5 24 30
5 21 2 34 17 8 15 30
3 13 23
16 21 16 19 5 37 6 26
22 18 22 37 8 19 24 26
5 2 3
1 0 9 7 5 8 7 7
1 0 9 3 5 2 3 3
5 3 3
10 13 6 11 14 10 9 7
10 7 6 11 14 10 9 13
5 3 5
6 0 6 13 11 9 6 12
6 0 6 13 11 9 6 12
5 3 7
10 11 0 8 13 1 4 11
10 11 0 2 7 1 4 11
5 7 5
5 28 3 26 0 32 26 20
10 28 33 31 0 2 31 20
5 7 7
19 29 17 26 33 5 22 0
19 29 3 26 12 5 8 0
5 7 11
30 31 20 0 27 0 0 17
25 26 20 0 13 0 0 33
5 7 13
6 12 7 12 19 17 11 6
6 12 7 12 19 17 11 6
5 7 17
25 30 10 1 12 28 7 11
30 25 5 1 17 28 7 16
5 7 19
22 12 8 28 9 3 1 23
8 33 22 7 9 17 1 2
5 7 23
18 27 11 20 32 18 26 29
2 13 16 20 23 2 31 29
5 11 3
35 48 12 34 11 52 19 53
40 27 23 34 11 13 24 37
5 11 7
17 0 2 4 8 21 21 30
18 0 8 9 17 21 21 50
5 11 9
23 45 20 21 9 24 17 17
23 45 5 21 49 39 2 2
5 11 11
28 10 9 48 7 12 25 35
17 10 9 37 18 23 25 35
5 11 13
28 13 2 50 41 20 38 39
8 18 7 30 46 15 3 19
5 11 17
11 54 33 51 49 24 20 48
11 54 33 46 4 19 25 53
5 11 19
21 29 36 46 46 50 40 40
21 19 26 6 6 35 30 30
5 11 21
21 53 51 51 21 7 30 7
21 53 51 51 21 7 30 7
5 11 23
44 36 48 8 39 21 38 32
44 31 27 2 19 21 47 43
5 11 27
4 10 50 31 29 6 50 25
9 10 40 36 24 51 40 5
5 11 29
14 41 20 12 37 4 48 39
4 51 5 12 47 14 3 24
5 11 31
0 6 25 35 22 7 17 31
0 6 25 35 33 18 28 31
5 11 33
40 42 45 43 8 37 15 23
50 37 45 43 13 27 5 23
5 11 37
9 36 27 14 10 47 12 22
14 16 37 49 10 27 12 22
5 11 39
8 14 18 54 44 1 22 2
7 4 52 54 44 1 33 28
5 13 5
25 45 33 20 2 26 5 27
25 15 63 50 32 26 5 27
5 13 7
47 52 25 7 22 6 59 52
18 13 25 58 48 46 19 13
5 13 11
43 47 51 59 32 46 32 32
62 18 51 54 63 41 63 63
5 13 13
25 28 1 43 40 41 4 18
25 28 1 43 40 41 4 18
5 13 17
2 54 3 7 60 8 30 5
32 19 48 37 60 8 10 5
5 13 19
57 37 16 60 12 1 8 3
8 28 16 5 38 1 57 42
5 13 23
15 24 37 18 64 42 64 49
20 19 58 47 64 48 64 4
5 13 25
11 9 54 26 37 53 61 49
11 9 54 26 37 53 61 49
5 13 29
9 32 0 43 38 64 2 22
29 2 0 23 38 64 32 42
5 13 31
57 2 32 12 13 49 49 58
8 63 33 38 52 49 49 7
5 13 35
15 61 10 56 48 28 49 16
20 16 30 36 42 7 4 61
5 13 37
53 18 62 10 19 45 52 4
53 18 62 10 19 45 52 4
5 13 41
24 4 28 41 12 60 54 32
59 49 58 6 12 60 19 2
5 13 43
4 16 11 52 34 54 49 23
4 16 41 13 44 24 49 62
5 13 47
14 28 54 62 20 58 61 4
14 7 59 43 15 37 16 49
7 2 5
10 2 9 13 12 10 1 8
12 4 11 13 10 12 1 8
7 3 5
6 1 3 14 2 6 14 2
6 1 12 14 11 6 14 11
7 3 7
20 2 1 1 15 8 0 16
20 2 1 1 15 8 0 16
7 3 11
9 9 6 7 11 20 4 4
18 18 6 7 2 20 16 16
7 5 5
31 2 24 7 4 27 27 10
26 32 19 7 9 27 27 5
7 5 7
6 26 4 6 26 9 1 7
6 26 4 6 26 9 1 28
7 5 11
13 31 1 26 20 11 10 8
27 26 1 31 20 16 5 22
7 5 13
4 7 22 1 22 22 11 0
4 7 22 1 22 22 11 0
7 5 17
14 18 9 4 13 0 13 7
14 23 4 9 13 0 13 7
7 5 19
0 32 2 1 14 9 11 29
0 18 23 1 14 9 11 29
7 5 23
28 25 8 11 22 1 27 32
7 30 22 16 8 1 13 23
7 11 7
70 25 16 16 49 13 23 26
42 60 37 37 70 41 23 75
7 11 11
54 13 24 30 72 20 48 51
10 13 68 74 39 20 48 18
7 11 13
37 7 68 65 3 72 23 9
16 28 40 65 31 30 23 37
7 11 17
31 37 3 25 76 18 8 4
47 53 5 16 76 2 50 9
7 11 19
16 9 60 31 14 60 74 5
9 16 53 38 70 53 18 75
7 11 23
10 26 12 54 47 56 38 23
54 38 45 10 31 56 47 67
7 11 29
63 69 40 1 16 62 56 3
7 48 52 1 53 41 56 26
7 11 31
47 37 60 11 23 13 35 14
47 37 60 11 23 13 35 14
7 11 37
36 68 29 72 23 4 55 22
71 19 57 51 23 53 55 22
7 11 41
75 25 43 33 51 12 26 44
31 58 43 66 18 45 59 11
7 11 43
40 75 9 0 8 31 0 48
61 26 37 0 57 59 0 27
7 11 47
47 42 47 20 24 10 58 44
38 14 38 69 19 54 60 11
7 11 49
7 8 48 30 28 72 36 34
63 29 69 51 35 2 15 34
7 11 53
59 0 65 29 23 72 29 56
5 0 32 50 67 74 50 56
7 11 59
6 65 12 15 37 76 54 58
13 32 45 36 25 76 10 4
7 13 5
81 24 65 87 36 71 58 5
9 33 39 68 43 15 67 31
7 13 7
6 57 53 2 36 66 17 31
20 8 53 37 36 66 17 73
7 13 11
40 33 52 87 13 26 9 62
66 80 26 68 13 52 81 69
7 13 13
51 35 37 56 47 72 80 17
51 35 37 56 47 72 80 17
7 13 17
76 71 59 71 55 25 17 89
20 15 89 15 48 51 75 59
7 13 19
17 85 71 38 59 24 18 53
17 71 85 38 45 80 60 53
7 13 23
27 3 69 30 64 66 84 34
27 61 62 88 64 40 63 83
7 13 25
7 56 38 18 63 6 79 27
7 56 38 18 63 6 79 27
7 13 29
61 54 86 85 1 58 8 68
3 45 60 50 1 67 8 87
7 13 31
10 87 71 15 0 32 47 14
10 87 85 50 0 46 5 14
7 13 35
53 0 83 9 45 32 22 86
79 0 34 81 89 37 29 18
7 13 37
73 36 24 13 55 58 42 49
73 36 24 13 55 58 42 49
7 13 41
21 35 79 10 68 48 44 57
21 42 53 82 87 55 18 57
7 13 43
90 60 11 40 16 26 23 56
90 18 67 40 16 26 23 56
7 13 47
60 56 59 69 56 7 51 49
44 49 54 62 49 28 25 56
7 13 49
26 75 90 6 49 4 29 81
26 75 90 6 49 4 29 81
7 13 53
82 4 37 63 9 60 29 22
10 23 46 7 81 86 22 29
7 13 55
78 38 78 67 90 65 36 59
78 38 78 11 90 65 36 45
7 13 59
26 11 76 33 45 40 15 34
52 58 6 80 89 66 85 83
7 13 61
70 55 74 58 62 32 90 60
70 55 74 58 62 32 90 60
7 13 65
27 36 34 31 31 41 76 18
27 43 34 5 5 6 20 44
7 13 67
0 2 34 0 17 57 89 87
0 37 83 0 17 8 54 87
7 13 71
7 77 71 50 7 11 19 36
28 77 50 71 28 58 24 43
11 2 3
17 5 17 8 10 10 7 16
19 3 19 2 10 10 17 14
11 2 7
10 2 0 14 1 8 11 18
10 8 0 16 1 6 11 2
11 2 9
2 20 11 2 2 18 21 5
6 16 11 6 6 8 21 9
11 3 3
28 30 4 6 22 9 8 28
19 24 16 30 22 15 2 19
11 3 7
16 0 17 4 19 9 5 4
4 0 29 31 28 3 26 31
11 3 9
8 13 19 20 20 3 24 27
29 28 7 5 5 15 6 9
11 3 11
26 13 28 4 27 25 2 11
26 13 28 4 27 25 2 11
11 3 13
9 25 5 17 29 22 14 15
15 31 14 8 17 22 20 27
11 3 17
30 6 12 6 19 32 17 25
6 18 12 18 28 32 29 16
11 3 19
2 26 1 19 24 11 14 3
17 14 1 7 6 11 26 15
11 5 3
52 2 38 3 0 38 34 43
13 18 47 42 0 47 34 32
11 5 7
3 54 42 28 29 46 8 28
27 54 3 7 24 41 17 7
11 5 9
37 26 22 4 43 45 45 34
47 36 22 14 43 45 45 34
11 5 11
53 7 14 3 42 15 4 22
42 18 14 47 53 15 4 33
11 5 13
39 43 25 49 23 35 50 13
19 43 20 14 23 40 30 18
11 5 17
27 10 13 6 0 40 32 15
37 10 8 51 0 35 32 20
11 5 19
12 3 30 1 41 7 15 49
23 37 40 1 51 8 25 9
11 5 21
11 32 4 8 48 13 50 49
11 32 4 8 48 13 50 49
11 5 23
36 16 4 44 52 20 41 17
31 36 49 44 13 15 46 8
11 5 27
13 9 27 29 33 47 38 2
52 14 48 24 22 38 37 8
11 5 29
30 16 46 24 38 1 33 53
40 31 6 39 53 1 33 38
11 5 31
33 31 29 19 0 14 35 41
22 31 29 19 0 14 35 41
11 5 33
10 47 36 46 27 50 34 25
10 42 31 51 47 30 34 20
11 5 37
45 54 25 36 13 3 20 45
45 54 5 16 8 38 25 45
11 5 39
23 18 5 35 52 39 37 17
12 52 20 50 18 24 3 13
11 7 7
60 61 59 43 56 63 33 44
4 40 31 43 56 28 33 44
11 7 11
20 72 46 12 40 69 7 52
20 39 2 45 73 69 7 19
11 7 13
45 30 13 35 38 72 26 1
45 2 62 7 3 30 5 1
11 7 17
63 13 57 28 11 10 19 69
28 41 8 7 44 54 17 27
11 7 19
50 55 74 45 46 22 49 73
57 55 18 45 39 22 42 52
11 7 23
20 1 61 66 52 52 75 59
48 1 52 33 68 68 59 5
11 7 29
46 36 40 42 21 0 71 68
72 15 52 49 21 0 64 17
11 7 31
65 18 10 42 30 22 31 2
65 18 10 42 30 22 31 2
11 7 37
21 36 21 10 54 76 62 9
21 71 21 10 54 76 13 58
11 7 41
52 38 65 43 48 47 37 63
19 5 32 43 48 3 4 63
11 7 43
11 45 9 61 16 72 36 45
11 45 37 19 58 30 64 45
11 7 47
48 39 43 34 35 8 1 30
20 51 43 34 63 50 1 39
11 7 49
67 15 14 53 25 61 52 14
67 36 70 60 4 68 73 70
11 7 53
66 9 60 29 64 46 11 28
33 4 58 50 15 51 44 63
11 7 59
13 39 34 58 65 51 25 3
6 2 34 4 32 74 37 26
11 13 7
86 11 87 32 103 92 94 72
135 132 87 98 64 53 29 84
11 13 11
95 37 90 85 39 128 46 13
62 136 90 41 39 84 2 13
11 13 13
117 88 53 61 36 4 48 64
39 88 92 74 75 82 126 103
11 13 17
132 10 0 108 33 42 54 120
110 43 0 36 11 113 32 87
11 13 19
50 34 65 113 134 62 82 20
2 122 65 48 17 140 108 71
11 13 23
99 60 10 48 79 7 116 68
44 135 43 16 40 28 129 139
11 13 29
76 89 61 105 24 48 109 119
98 111 68 79 72 3 109 71
11 13 31
66 71 134 119 81 87 48 33
66 137 134 141 81 87 48 110
11 13 37
75 1 26 52 98 27 79 48
36 1 130 39 98 92 118 9
11 13 41
105 80 114 92 135 40 82 90
105 58 4 92 135 40 49 90
11 13 43
62 108 28 139 86 5 94 72
127 4 63 61 70 47 107 19
11 13 47
82 135 58 26 64 16 48 18
114 60 115 130 25 48 42 112
11 13 49
42 109 127 4 38 111 26 57
16 109 101 69 64 111 91 83
11 13 53
56 78 24 81 19 25 90 30
23 78 7 126 2 64 51 101
11 13 59
54 67 44 16 137 116 76 141
98 111 99 9 119 90 32 71
11 13 61
83 6 101 121 133 34 10 20
83 6 101 121 133 34 10 20
11 13 67
88 27 1 30 126 63 96 120
88 92 1 17 48 28 138 120
11 13 71
110 124 50 124 133 76 125 104
11 80 6 80 100 32 70 104
11 13 73
49 141 64 78 91 119 28 32
36 37 103 78 130 15 41 32
11 13 77
34 106 33 100 33 142 99 128
34 123 11 133 11 142 99 46
11 13 79
88 109 71 99 89 129 66 112
88 21 20 44 67 51 66 83
11 13 83
25 66 33 51 117 108 58 117
64 66 132 116 39 114 141 39
11 13 89
16 67 131 73 136 96 108 90
9 45 131 8 80 18 49 116
11 13 91
61 117 133 40 19 122 121 142
61 117 133 40 85 34 121 142
11 13 97
53 61 21 132 87 0 59 104
14 139 21 132 87 0 20 26
11 13 101
109 90 137 63 96 131 92 140
109 90 115 85 96 131 92 30
11 13 103
122 42 125 19 98 108 135 114
34 81 5 46 32 4 86 49
11 13 107
110 118 137 40 44 117 10 130
11 105 15 79 99 13 43 91
11 13 109
84 130 39 138 116 65 105 90
19 104 13 112 90 65 79 116
11 13 113
40 63 24 51 45 42 99 48
105 46 7 116 67 48 99 16
11 13 119
26 6 60 24 45 86 89 25
91 24 31 6 89 5 45 103
13 2 5
15 16 24 0 4 14 25 23
19 22 20 0 10 14 25 17
13 2 7
23 22 11 11 24 1 17 12
23 22 15 15 2 1 17 12
13 2 11
25 25 18 0 2 22 9 20
25 25 8 0 20 16 3 2
13 3 5
21 16 15 36 32 3 24 18
21 22 6 30 2 9 33 18
13 3 7
11 0 15 18 10 35 9 10
2 0 24 21 10 35 9 10
13 3 11
32 4 33 18 1 36 25 20
11 10 15 21 1 30 25 2
13 3 13
14 15 18 21 10 15 22 14
14 15 18 21 10 15 22 14
13 3 17
4 26 35 17 30 8 33 30
10 26 29 23 36 8 24 36
13 3 19
0 10 28 0 15 2 9 1
0 10 37 0 24 11 9 1
13 3 23
1 2 11 0 20 9 28 30
1 20 32 0 2 3 7 36
13 5 5
18 54 3 48 53 35 22 31
18 19 48 3 53 55 42 31
13 5 7
43 6 53 51 9 16 13 34
17 46 27 51 9 16 52 44
13 5 11
38 35 35 21 5 42 7 45
12 55 55 31 60 48 28 50
13 5 13
30 61 50 8 32 35 47 2
30 61 50 8 32 35 47 2
13 5 17
60 10 55 5 6 20 13 41
60 30 35 5 41 50 13 6
13 5 19
47 15 42 27 15 55 52 7
18 50 3 53 50 55 13 58
13 5 23
54 15 31 62 5 13 15 56
59 20 21 43 60 52 20 36
13 5 25
64 14 47 44 18 45 60 6
64 14 47 44 18 45 60 6
13 5 29
25 2 42 6 7 3 5 7
25 32 22 41 37 48 5 37
13 5 31
55 4 13 44 22 26 34 43
55 4 52 34 48 26 44 17
13 5 35
61 14 50 31 22 35 45 54
16 14 45 21 3 55 50 59
13 5 37
9 9 54 17 21 19 26 21
9 9 54 17 21 19 26 21
13 5 41
9 48 62 33 15 56 22 45
29 3 17 63 45 36 42 15
13 5 43
13 32 45 17 64 3 47 22
52 33 20 43 64 42 18 48
13 5 47
39 10 42 34 4 5 39 13
39 30 48 44 49 60 39 52
13 7 5
26 38 68 80 44 0 16 20
52 12 87 19 18 0 74 76
13 7 7
81 90 66 13 54 82 54 26
81 90 66 13 89 82 89 26
13 7 11
6 10 77 39 14 83 30 78
76 82 77 65 14 34 88 78
13 7 13
21 48 10 4 1 14 46 61
21 48 10 4 1 14 46 61
13 7 17
66 13 60 57 73 16 59 2
40 13 86 57 47 74 89 32
13 7 19
71 62 29 6 85 21 9 65
85 62 29 20 71 70 9 65
13 7 23
70 61 10 70 40 26 77 63
21 3 82 21 66 52 77 84
13 7 25
26 56 90 87 51 33 2 75
26 56 90 87 51 33 2 75
13 7 29
75 56 21 49 11 41 55 72
17 49 21 56 72 6 48 11
13 7 31
82 75 51 42 29 64 72 47
82 75 51 42 29 64 58 5
13 7 35
3 53 13 83 64 69 21 10
61 79 13 34 64 62 70 82
13 7 37
50 60 33 23 29 69 46 20
50 60 33 23 29 69 46 20
13 7 41
12 77 44 67 8 8 3 85
38 77 18 58 8 8 61 50
13 7 43
58 52 85 67 19 61 29 14
72 52 71 11 33 61 29 14
13 7 47
32 86 2 38 75 63 28 15
37 18 46 12 17 84 7 85
13 7 49
17 75 71 25 0 4 51 71
17 75 71 25 0 4 51 71
13 7 53
59 77 69 30 13 86 15 18
89 77 62 88 13 60 71 44
13 7 55
43 12 87 0 30 29 28 39
43 12 87 0 30 29 63 39
13 7 59
42 7 1 84 89 39 36 58
35 28 1 63 45 65 43 11
13 7 61
9 39 73 54 28 47 48 18
9 39 73 54 28 47 48 18
13 7 65
22 43 51 3 28 54 43 56
29 36 25 61 84 45 36 49
13 7 67
78 16 50 51 59 64 18 29
78 16 15 51 45 64 60 29
13 7 71
34 90 31 33 89 48 42 89
83 90 47 80 45 55 35 45
13 11 7
119 19 104 34 35 134 49 52
102 72 26 122 74 30 114 39
13 11 11
121 95 135 31 17 102 72 54
88 62 47 86 127 58 28 98
13 11 13
99 105 131 105 56 115 24 118
99 118 131 118 56 102 128 79
13 11 17
141 115 97 110 0 56 87 126
124 59 80 132 0 23 120 81
13 11 19
100 59 33 12 10 130 23 89
100 58 110 12 10 104 23 67
13 11 23
90 73 89 7 41 59 2 119
51 83 45 28 46 93 7 59
13 11 29
33 6 93 80 1 11 74 129
11 2 97 136 1 33 29 51
13 11 31
97 141 28 0 133 128 17 71
20 119 50 0 133 106 17 137
13 11 37
45 137 97 28 136 121 0 111
45 59 58 106 97 121 0 111
13 11 41
53 119 43 35 128 121 61 86
53 97 10 68 7 88 94 86
13 11 43
51 122 11 23 25 130 130 82
116 34 132 23 64 26 26 69
13 11 47
63 108 122 37 92 126 116 35
6 36 34 97 53 81 51 107
13 11 49
104 63 95 53 121 5 104 36
130 128 30 27 121 31 130 114
13 11 53
87 67 51 17 47 54 123 65
120 45 116 140 86 32 106 65
13 11 59
73 93 51 106 80 90 84 45
96 20 129 85 59 116 63 89
13 11 61
123 105 6 114 1 141 103 114
123 105 6 114 1 141 103 114
13 11 67
73 21 74 103 34 121 75 20
57 109 61 64 122 121 36 58
13 11 71
57 28 92 80 38 100 55 81
112 72 92 124 38 133 22 48
13 11 73
76 132 135 119 117 87 113 72
76 132 31 15 39 87 9 85
13 11 77
123 136 99 16 118 30 69 48
41 119 99 48 105 127 49 42
13 11 79
100 12 5 133 113 112 6 11
100 12 86 133 48 83 46 132
13 11 83
18 67 103 81 98 96 83 134
138 111 38 126 54 112 8 62
13 11 89
37 113 142 46 0 33 58 34
124 81 142 50 0 11 15 34
13 11 91
62 113 112 27 11 108 18 31
62 113 57 27 132 108 73 86
13 11 97
113 36 2 17 142 130 73 100
126 49 41 95 142 91 112 100
13 11 101
112 48 97 127 59 23 139 39
112 81 119 17 37 56 29 39
13 11 103
100 105 18 14 29 132 125 64
100 118 138 53 94 11 5 103
13 11 107
92 55 118 118 96 92 1 122
53 22 105 105 138 53 1 34
13 11 109
70 47 105 71 74 20 42 137
135 125 79 97 139 137 16 20
13 11 113
81 126 39 61 53 118 21 70
126 3 52 107 92 79 21 5
13 11 119
68 41 131 35 13 137 66 46
61 7 131 94 39 119 66 28
